1938	464
1939	464
1940	707
1941	711
1942	700
1943	1,278
1944	2,555
1945	2,835
1946	3,415
1947	8,075
1948	24,626
1949	28,540
1950	52,714
1951	64,755
1952	56,928
1953	58,610
1954	70,999
1955	81,151
1956	98,509
1957	177,816
1958	210,423
1959	291,817
1960	399,380
1961	551,023
1962	737,170
1963	876,718
1964	901,369
1965	959,159
1966	1,100,519
1967	1,014,254
1968	1,076,461
1969	1,109,757
1970	1,061,007
1971	1,212,847
1972	1,506,156
1973	1,762,565
1974	1,790,425
1975	2,092,897
1976	2,741,233
1977	2,544,078
1978	2,842,936
1979	3,189,976
1980	3,428,935
1981	3,569,406
1982	3,641,875
1983	4,023,969
1984	4,493,588
1985	5,149,459
1986	5,262,211
1987	6,182,910
1988	6,666,693
1989	7,144,764
1990	7,576,352
1991	8,276,739
1992	8,921,687
1993	10,335,996
1994	10,955,773
1995	11,299,522
1996	11,927,562
1997	12,740,843
1998	13,647,843
1999	15,629,156
2000	17,820,587
2001	20,458,130
2002	23,296,382
2003	27,066,782
2004	27,887,512
2005	28,495,157
2006	28,461,417
2007	29,030,004
2008	29,529,524
2009	30,168,024
